0 0.140234 0.091667 0.244531 0.127778
0 0.458594 0.102083 0.295312 0.115278
0 0.792578 0.118750 0.272656 0.193056
0 0.186328 0.302083 0.307031 0.154167
0 0.498047 0.272222 0.261719 0.119444
0 0.812500 0.316667 0.323438 0.158333
0 0.203125 0.502778 0.367188 0.172222
0 0.521094 0.487500 0.207813 0.255556
0 0.798047 0.497222 0.303906 0.155556
0 0.157031 0.714583 0.264062 0.140278
0 0.480469 0.693056 0.321875 0.155556
0 0.816406 0.688889 0.318750 0.133333
0 0.182812 0.879167 0.314063 0.125000
0 0.520312 0.882639 0.340625 0.181944
0 0.832812 0.861111 0.260938 0.141667
